R5 DELTA-HEDGED LONG GAMMA -- BACKTEST REPORT
run: 2026-09-06 00:08
Options priced at the 20% rule from real EOD quotes.
Hedges execute at the BAR CLOSE (never the high/low) and pay
half the spread; IBKR Pro Fixed share costs per band_lab.
'daily' uses the REAL EOD delta column -- no model. Intraday
schedules use BS delta on the contract's own EOD IV; the
bs_vs_real_delta_mae column re-validates that every EOD.

BASE CONFIG {'structure': 'straddle', 'dte': 60, 'dte_lo': 45, 'dte_hi': 90, 'hedge': 'daily', 'contracts': 0, 'premium_budget': 15000.0, 'costs': True, 'exit_dte': 0, 'start_capital': 150000.0}

               config  cycles  total_pnl  pnl_pct_of_premium  mean_cycle_pnl  win_rate_pct  mean_pct_prem  t_stat  pnl_ex_best  opt_pnl  hedge_pnl   costs  premium_paid  hedges  mean_entry_iv  mean_realized_vol  bs_vs_real_delta_mae qa_recon
       stra_t60_daily      15    21771.0                10.0          1451.0          66.7          10.38    1.62      11560.0 127335.0  -103791.0  1773.0      217354.0     625          0.949              1.123                   NaN     PASS
      stra_t60_bars_1      15   -32573.0               -15.0         -2172.0          20.0         -14.78   -3.54     -35639.0 127335.0  -120498.0 39410.0      217354.0   39308          0.949              1.081                0.0178     PASS
      stra_t60_bars_3      15    -9103.0                -4.2          -607.0          40.0          -4.00   -1.09     -12993.0 127335.0  -120981.0 15457.0      217354.0   13714          0.949              1.084                0.0178     PASS
      stra_t60_bars_6      15    -2087.0                -1.0          -139.0          53.3          -0.79   -0.25      -5953.0 127335.0  -120631.0  8790.0      217354.0    7043          0.949              1.076                0.0178     PASS
     stra_t60_bars_12      15      303.0                 0.1            20.0          53.3           0.37    0.03      -4267.0 127335.0  -121541.0  5491.0      217354.0    3859          0.949              1.068                0.0178     PASS
     stra_t60_bars_78      15    22851.0                10.5          1523.0          60.0          10.91    1.48      11351.0 127335.0  -102659.0  1825.0      217354.0     605          0.949              1.124                0.0178     PASS
      stra_t60_band_5      15     4649.0                 2.1           310.0          53.3           2.39    0.48      -1673.0 127335.0  -118241.0  4446.0      217354.0    2334          0.949              1.107                0.0178     PASS
     stra_t60_band_10      15     7330.0                 3.4           489.0          60.0           3.65    0.68       -650.0 127335.0  -116973.0  3032.0      217354.0    1210          0.949              1.098                0.0178     PASS
     stra_t60_band_20      15    11288.0                 5.2           753.0          60.0           5.48    1.01       5317.0 127335.0  -113593.0  2454.0      217354.0     789          0.949              1.107                0.0178     PASS
       stra_t30_daily      26    38227.0                10.3          1470.0          57.7          11.05    1.64      24889.0   7160.0    34046.0  2979.0      371290.0     646          0.962              1.121                   NaN     PASS
       stra_t90_daily       9    14622.0                11.3          1625.0          77.8          11.68    1.36       4892.0  33221.0   -17412.0  1187.0      129692.0     584          0.917              1.116                   NaN     PASS
       call_t60_daily      15    20538.0                 9.3          1369.0          66.7           9.43    1.37       9434.0 326833.0  -304149.0  2147.0      220300.0     602          0.950              1.123                   NaN     PASS
        put_t60_daily      15    24728.0                11.2          1649.0          73.3          11.32    1.79      13908.0 -63653.0    90330.0  1949.0      220036.0     614          0.947              1.123                   NaN     PASS
      stra_t30_bars_6      26    -2787.0                -0.8          -107.0          53.8          -0.29   -0.21     -10474.0   7160.0      890.0 10837.0      371290.0    6895          0.962              1.065                0.0210     PASS
      stra_t90_bars_6       9    -1420.0                -1.1          -158.0          44.4          -0.98   -0.20      -4127.0  33221.0   -27144.0  7497.0      129692.0    6808          0.917              1.061                0.0165     PASS
 stra_t60_daily_GROSS      15    23544.0                10.8          1570.0          66.7          11.19    1.75      13242.0 127335.0  -103791.0     0.0      217354.0     625          0.949              1.123                   NaN     PASS
stra_t60_bars_6_GROSS      15     6704.0                 3.1           447.0          60.0           3.25    0.82       2396.0 127335.0  -120631.0     0.0      217354.0    7043          0.949              1.076                0.0178     PASS
stra_t60_bars_1_GROSS      15     6837.0                 3.1           456.0          60.0           3.34    0.82       1873.0 127335.0  -120498.0     0.0      217354.0   39308          0.949              1.081                0.0178     PASS

BASE CONFIG BY YEAR (real EOD deltas, no model)
      cycles       pnl  pct_prem  mean_iv  mean_rv
year                                              
2024       7  16380.34    16.484    0.884    1.020
2025       6   -588.83    -0.462    0.971    1.107
2026       2   5979.30    21.555    1.110    1.531

BASE CONFIG CYCLES
     entry     expiry  strike  spot0  settle  dte  contracts  entry_iv  realized_vol  opt_cost  opt_pnl  hedge_pnl  costs  n_hedges  total_pnl  pnl_pct_prem
2024-01-02 2024-02-16    28.0  28.04   38.32   45         26    0.7288        0.7613   14960.4  11871.6  -10620.99 145.72        33    1104.89          7.39
2024-02-20 2024-04-19    36.0  36.42   30.69   59         15    0.8571        0.9951   14790.0  -6825.0    9298.07 137.62        44    2335.45         15.79
2024-04-22 2024-06-21    32.0  32.07   58.02   60         15    0.8884        0.7671   14340.0  24690.0  -25115.91  97.63        43    -523.54         -3.65
2024-06-24 2024-08-16    53.0  53.22   39.72   53         10    0.8517        1.5739   13770.0   -490.0   10791.51  90.49        39   10211.02         74.15
2024-08-19 2024-10-18    42.0  41.60   35.28   60         11    0.9619        1.1644   14872.0  -7480.0   10870.85 112.53        45    3278.32         22.04
2024-10-21 2024-12-20    35.0  35.09   27.35   60         13    0.9775        0.8900   14365.0  -4420.0    2323.21 105.78        45   -2202.57        -15.33
2024-12-23 2025-02-21    30.0  29.59   28.75   60         16    0.9203        0.9861   14512.0 -12512.0   14855.40 166.63        41    2176.77         15.00
2025-02-24 2025-04-17    27.0  26.76    9.18   52         20    0.9037        2.0941   14760.0  20880.0  -18380.65 146.19        40    2353.16         15.94
2025-04-21 2025-06-20     9.0   8.71   21.21   60         39    1.2772        0.9326   14796.6  32822.4  -34384.21 173.29        41   -1735.10        -11.73
2025-06-23 2025-08-15    22.0  21.58   27.31   53         25    0.9016        0.6490   14965.0  -1690.0   -2795.40 138.67        39   -4624.07        -30.90
2025-08-18 2025-10-17    28.0  27.53   40.18   60         20    0.8020        0.9155   14420.0   9940.0   -8029.31 137.13        45    1773.56         12.30
2025-10-20 2025-12-19    42.0  42.24   41.79   60         10    1.0269        1.1001   14660.0 -14450.0   13556.52 104.97        45    -998.45         -6.81
2025-12-22 2026-02-20    43.0  43.26   67.11   60         11    0.9119        0.9488   14333.0  12188.0   -9458.62  87.31        42    2642.07         18.43
2026-02-23 2026-04-17    66.0  65.86   94.72   53          6    1.1099        1.2527   13950.0   3282.0   -2495.42  71.16        40     715.42          5.13
2026-04-20 2026-06-18    96.0  95.94  279.47   59          4    1.1109        1.8099   13860.0  59528.0  -54206.41  57.71        43    5263.88         37.98

QA reconciliation failures: 0 of 18
